0 1 киио╨в 0
1 1 киЁЮ╤л 1
2 1 ки 3
3 1 ки 3
4 2 ц╥иощ╨ 2
5 2 ц╥ЁЮ╤л 1
6 2 ц╥ 3
7 2 ц╥ 3
8 3 сёиод╩а╠ 0
9 3 сёЁЮ╤л 1
10 3 сё 3
11 3 сё 3
12 4 лыио╬И 2
13 4 лыио╤л╡А 1
14 4 лы 3
15 4 лы 3
16 5 фя╪Д╟кге 2
17 5 фяио╤л╡А 1
18 5 щефя 3
19 5 щефя 3
20 6 д╣╣╓╣Ш 2
21 6 д╣╣╓гЮ╤л 1
22 6 д╣╣╓ 3
23 6 д╣╣╓ 3
24 7 щ╤╪ДжМ 2
25 7 щ╤ио╤л╡А 1
26 7 щ╤ 3
27 7 щ╤ 3
28 8 ц╒иотб 0
29 8 ц╒иояЦ 2
30 8 ц╒ 3
31 8 ц╒ 3
32 9 ╬уио╠╜ 2
33 9 ╬уиогЮ╤л 1
34 9 ╬у 3
35 9 ╬у 3
36 10 ╥Ц╪Дб╧ 2
37 10 ╥ЦиогЮ╤л 1
38 10 ╥Ц 3
39 10 ╥Ц 3
40 11 аЬ╪Дп║р╟╣ю╥Г 0
41 11 аЬиояЮ 2
42 11 аЬио╤л╡А 1
43 11 аЬювсЙ╧д 3
44 12 м╘ио╥О╩к 0
45 12 м╘ 3
46 12 м╘ 3
47 12 м╘ 3
